Nov 4 2020 54646
Nov 5 2020 54748
Nov 6 2020 54849
Nov 7 2020 54970
Nov 8 2020 55159
Nov 9 2020 55269
Nov 10 2020 55368
Nov 11 2020 55474
Nov 12 2020 55586
Nov 13 2020 55689
Nov 14 2020 55801
Nov 15 2020 55960
Nov 16 2020 56067
Nov 17 2020 56151
Nov 18 2020 56256
Nov 19 2020 56351
Nov 20 2020 56442
Nov 21 2020 56516
Nov 22 2020 56666
Nov 23 2020 56804
Nov 24 2020 56906
Nov 25 2020 57041
Nov 26 2020 57163
Nov 27 2020 57277
Nov 28 2020 57375
Nov 29 2020 57525
Nov 30 2020 57635
Dec 1 2020 57742
Dec 2 2020 57863
Dec 3 2020 57976
Dec 4 2020 58086
Dec 5 2020 58205
Dec 14 2020 58390
Dec 15 2020 58553
Dec 16 2020 58714
Dec 17 2020 58817
Dec 18 2020 58915
Dec 19 2020 59031
Dec 20 2020 59147
Dec 21 2020 59255
Dec 22 2020 59352
Dec 23 2020 59490
Dec 24 2020 59624
Dec 27 2020 59749
Dec 28 2020 59864
Dec 29 2020 59971
Dec 30 2020 60061
Dec 31 2020 60173
Jan 02 2021 60286
Jan 03 2021 60432
Jan 04 2021 60546
Jan 05 2021 60636
Jan 06 2021 60736
Jan 07 2021 60836
Jan 08 2021 60955
Jan09 2021 61043
Jan 10 2021 61161
Jan 11 2021 61274
Jan 12 2021 61428
Jan 13 2021 61542
Jan 14 2021 61659
Jan 15 2021 61823
Jan 16 2021 61906
Jan 17 2021 62068
Jan 18 2021 62234
Jan 19 2021 62353
Jan 20 2021 62466
Jan 21 2021 62582
Jan 22 2021 62706
Jan 23 2021 62844
Jan 24 2021 62961
Jan 25 2021 63122
Jan 26 2021 63228
Jan 27 2021 63349
Jan 28 2021 63470
Jan 29 2021 63571
Jan 30 2021 63667
Jan 31 2021 63782
Feb 01 2021 63954
Feb 02 2021 64044
Feb 03 2021 64135
Feb 04 2021 64252
Feb 05 2021 64351
Feb 06 2021 64473
Feb 07 2021 64583
Feb 08 2021 64732
Feb 09 2021 64813
Feb 10 2021 64912
Feb 11 2021 65037
Feb 12 2021 65146
Feb 13 2021 65242
Feb 14 2021 65384
Feb 15 2021 65534
Feb 16 2021 65638
Feb 17 2021 65741
Feb 18 2021 65848
Feb 19 2021 65954
Feb 20 2021 66047
Feb 21 2021 66158
Feb 22 2021 66304
Feb 23 2021 66406
Feb 24 2021 66534
Feb 25 2021 66640
Feb 26 2021 66774
Feb 27 2021 66884
Feb 28 2021 67014
Mar 01 2021 67165
Mar 02 2021 67271
Mar 03 2021 67394
Mar 04 2021 67515
Mar 05 2021 67603
Mar 06 2021 67745
Mar 08 2021 68031
Mar 09 2021 68162
Mar 10 2021 68257
Mar 11 2021 68427
Mar 12 2021 68520
Mar 13 2021 68703
Mar 14 2021 68853
Mar 15 2021 69069
Mar 16 2021 69247
Mar 17 2021 69395
Mar 18 2021 69513
Mar 19 2021 69607
Mar 20 2021 69758
Mar 21 2021 69911
Mar 22 2021 70083
Mar 23 2021 70230
Mar 24 2021 70435
Mar 25 2021 70628
Mar 26 2021 70808
Mar 27 2021 70969
Mar 28 2021 71120
Mar 29 2021 71257
Apr 09 2021 71407
Apr 10 2021 71516
Apr 11 2021 71822
Apr 12 2021 71640
Apr 13 2021 71986
Apr 14 2021 72096
Apr 15 2021 72226
Apr 16 2021 72355
Apr 19 2021 72830
20 Apr 2021 72953
22 Apr 2021 73211
23 Apr 2021 73323
25 Apr 2021 73646
26 Apr 2021 73809
27 Apr 2021 73928
28 Apr 2021 74049
29 Apr 2021 74234
30 Apr 2021 74345
01 May 2021 74505
02 May 2021 74644
03 May 2021 74804
04 May 2021 74949
05 May 2021 75070
06 May 2021 75220
07 May 2021 75343
08 May 2021 75490
09 May 2021 75636
10 May 2021 75220
11 May 2021 75942
12 May 2021 76111
14 May 2021 76284
15 May 2021 76388
16 May 2021 76530
17 May 2021 76656
18 May 2021 76783
20 May 2021 77135
21 May 2021 77273
22 May 2021 77451
23 May 2021 77632
25 May 2021 77818
28 May 2021 79396
29 May 2021 79586
30 May 2021 79726
31 May 2021 79880
01 Jun 2021 80053
02 Jun 2021 80274
04 Jun 2021 80444
05 Jun 2021 80573
06 Jun 2021 80696
07 Jun 2021 80851
08 Jun 2021 81072
09 Jun 2021 81243
10 Jun 2021 81429
11 Jun 2021 81588
12 Jun 2021 81741
13 Jun 2021 81888
14 Jun 2021 82064
15 Jun 2021 82253
16 Jun 2021 82420
17 Jun 2021 82627
18 Jun 2021 82798
19 Jun 2021 82993
20 Jun 2021 83164
21 Jun 2021 83289
22 Jun 2021 83470
23 Jun 2021 83582
24 Jun 2021 83767
25 Jun 2021 83941
26 Jun 2021 84147
27 Jun 2021 84328
28 Jun 2021 84484
29 Jun 2021 84662
30 Jun 2021 84831
01 Jul 2021 84959
02 Jul 2021 85070
03 Jul 2021 85259
04 Jul 2021 85431
05 Jul 2021 85586
06 Jul 2021 85768
07 Jul 2021 85940
08 Jul 2021 86123
09 Jul 2021 86317
10 Jul 2021 86491
11 Jul 2021 86638
12 Jul 2021 86802
13 Jul 2021 86974
14 Jul 2021 87156
15 Jul 2021 87317
16 Jul 2021 87490
18 Jul 2021 87834
19 Jul 2021 87990
20 Jul 2021 88170
21 Jul 2021 88446
22 Jul 2021 88641
23 Jul 2021 88788
24 Jul 2021 88941
25 Jul 2021 89099
26 Jul 2021 89425
28 Jul 2021 89573
29 Jul 2021 89727
30 Jul 2021 89878
31 Jul 2021 90032
01 Aug 2021 90199
02 Aug 2021 90382
03 Aug 2021 90560
04 Aug 2021 90766
05 Aug 2021 90936
07 Aug 2021 91321
08 Aug 2021 91478
09 Aug 2021 91899
10 Aug 2021 92015
11 Aug 2021 92132
12 Aug 2021 92289
13 Aug 2021 92410
15 Aug 2021 92686
16 Aug 2021 92813
17 Aug 2021 92925
18 Aug 2021 93029
20 Aug 2021 93256
21 Aug 2021 93366
22 Aug 2021 93526
23 Aug 2021 93702
24 Aug 2021 93812
25 Aug 2021 93925
26 Aug 2021 94042
27 Aug 2021 94150
28 Aug 2021 94268
29 Aug 2021 94641
30 Aug 2021 94767
31 Aug 2021 94901
1 Sep 2021 95123
2 Sep 2021 95325
3 Sep 2021 95473
4 Sep 2021 95656
5 Sep 2021 95827
6 Sep 2021 95968
7 Sep 2021 96197
8 Sep 2021 96380
9 Sep 2021 96553
10 Sep 2021 96674
11 Sep 2021 96857
12 Sep 2021 97052
13 Sep 2021 97238
14 Sep 2021 97466
15 Sep 2021 97651
16 Sep 2021 97839
17 Sep 2021 98038
19 Sep 2021 98395
20 Sep 2021 98545
21 Sep 2021 98745