20220207,116548
20220208,116621
20220208,116721
20220209,
20220210,116817
20220211,116884
20220212,116957
20220213,
20220214,117299
20220215,117391
20220216,117482
20220217,117558
20220218,117622
20220219,117686
20220220,117827
20220221,117916
20220222,118015
20220223,118084
20220224,118171
20220225,118270
20220226,118357
20220227,118462
20220228,118604
20220301,118681
20220302,118746
20220303,118823
20220304,118924
20220305,119018
20220306,119096
20220307,119187
20220308,119298
20220309,119375
20220310,119448
20220311,119542
20220312,119655
20220313,119733
20220314,119827
20220315,119898
20220316,119972
20220317,120051 
20220318,120135
20220319,120207
20220320,120289
20220321,120372
20220322,120443
20220323,120508
20220324,120644
20220325,120725
20220326,120827
20220327,121020
20220328,121139
20220329,121266
20220330,121354
20220331,121448
20220401,121543
20220402,121612
20220403,121808
20220404,121936
20220405,122038
20220406,122138
20220407,122236
20220408,122339
20220409,122458
20220410,122552
20220411,122699
20220412,122794
20220413,122894
20220414,122988

